image: race_track.pgm
resolution: 0.05000000074505806
origin: [-8.814652442932129, -7.359971523284912, 0.0]
negate: 0
occupied_thresh: 0.65
free_thresh: 0.196
